<!DOCTYPE html>
<html>
<head>
<title>Python Program 2</title>
<style>
body{
    background:#020617;
    color:#e5e7eb;
    font-family:monospace;
    padding:20px;
}
pre{
    background:#1e293b;
    padding:15px;
    border-radius:8px;
    overflow-x:auto;
}
.comment{
    color:#22c55e;
}
.box{
    background:#1e293b;
    padding:15px;
    border-radius:8px;
    margin-top:15px;
}
</style>
</head>
<body>

<h2>📌 Python Program 2</h2>

<pre>
<span class="comment"># Question 2:</span>
<span class="comment"># Print multiplication tables from 1 to 10 using nested for loops.</span>

<span class="comment"># outer loop for numbers (1 to 10)</span>
for i in range(1,11):

    <span class="comment"># inner loop for multiplication (1 to 10)</span>
    for j in range(1,11):
        print(i*j, end=" ")
        
    <span class="comment"># move to next line</span>
    print()
</pre>

<div class="box">
<b>📊 Output:</b><br><br>
1 2 3 4 5 6 7 8 9 10<br>
2 4 6 8 10 12 14 16 18 20<br>
3 6 9 12 15 18 21 24 27 30<br>
4 8 12 16 20 24 28 32 36 40<br>
5 10 15 20 25 30 35 40 45 50<br>
6 12 18 24 30 36 42 48 54 60<br>
7 14 21 28 35 42 49 56 63 70<br>
8 16 24 32 40 48 56 64 72 80<br>
9 18 27 36 45 54 63 72 81 90<br>
10 20 30 40 50 60 70 80 90 100
</div>

</body>
</html>